testes/toy/t1
1 0 1 0 0 0 0 2 0 0 1 0 1 0 0 0 0 2 0 0
testes/toy/t2
1 0 1 0 0 0 0 2 0 0 1 0 1 0 0 0 0 2 0 0
testes/toy/t3
1 0 1 0 0 0 0 2 0 0 1 0 1 0 0 0 0 2 0 0
testes/toy/t4
81
testes/toy/t5
6 6 6 12 8 6 6 3 10 15
testes/toy/t6
1 0 1 0 0 0 1 1 0 2 2 1 0 0 0 0 2 1 0 0 0 1 0 0 0 0 0 1 1 1 1 1 1 1 1 1 0 2 0 1 1 1 0 0 1 1 2 2 0 1 2 1 1 2 0 1 0 2 3 1 2 1 0 0 0 0 0 1 3 1 0 0 3 0 0 1 1 0 1 1 1 2 0 0 3 0 0 0 0 0 0 0 3 0 1 0 2 2 1 1
testes/toy/t7
10
testes/toy/t8
0 0 1 0 1 1 2 1 1 1
testes/toy/t9
0 0 0 0 1 0 0 0 0 0 0 0 0 0 0 0 1 0 0 0 0 0 0 0 0 0 0 0 0 0 0 0 0 1 0 0 0 0 0 0 0 0 0 0 0 0 0 0 0 0 0 0 0 0 1 0 0 0 0 1 0 0 0 0 0 1 1 0 1 0 0 0 0 0 2 0 0 0 0 0 0 0 0 1 0 0 0 0 0 0 0 0 0 0 0 0 0 0 0 0
testes/toy/t10
43 43 43 43 43 43 43 43 43 43 43 43 43 43 43 43 43 43 43 43 43 43 43 43 43 43 43 43 43 43 43 43 43 43 43 43 43 43 43 43 43 43 43 43 43 43 43 43 43 43 43 43 43 43 43 43 43 43 43 43 43 43 43 43 43 43 43 43 43 43 43 43 43 43 43 43 43 43 43 43 43 43 43 43 43 43 43 43 43 43 43 43 43 43 43 43 43 43 43 43 43 43 43 43 43 43 43 43 43 43 43 43 43 43 43 43 43 43 43 43 43 43 43 43 43 43 43 43 43 43 43 43 43 43 43 43 43 43 43 43 43 43 43 43 43 43 43 43 43 43 43 43 43 43 43 43 43 43 43 43 43 43 43 43 43 43 43 43 43 43 43 43 43 43 43 43 43 43 43 43 43 43 43 43 43 43 43 43 43 43 43 43 43 43 43 43 43 43 43 43
