83
1 63 43
2 28 76
3 53 26
4 32 76
5 39 37
6 21 93
7 86 60
8 97 14
9 16 63
10 42 76
11 60 49
12 73 24
13 39 57
14 83 16
15 24 63
16 19 65
17 88 74
18 9 48
19 78 68
20 16 10
21 84 3
22 35 54
23 31 44
24 76 72
25 18 29
26 71 97
27 58 59
28 7 57
29 72 52
30 29 9
31 37 15
32 22 10
33 68 59
34 58 84
35 81 34
36 60 84
37 44 88
38 13 37
39 41 92
40 70 40
41 34 16
42 46 6
43 5 85
44 26 14
45 47 50
46 59 25
47 8 43
48 49 19
49 91 38
50 55 29
51 98 22
52 73 88
53 3 75
54 55 90
55 93 61
56 56 31
57 54 26
58 54 65
59 50 97
60 59 99
61 11 5
62 73 92
63 21 3
64 67 31
65 27 66
66 25 89
67 89 4
68 35 17
69 47 83
70 94 25
71 80 73
72 30 26
73 38 36
74 66 68
75 43 21
76 58 95
77 41 3
78 94 71
79 12 57
80 47 33
81 38 28
82 19 29
83 97 10
