88
1 62 22
2 47 71
3 5 23
4 83 91
5 21 8
6 50 84
7 1 16
8 52 23
9 24 100
10 88 15
11 10 85
12 86 61
13 87 23
14 24 47
15 17 70
16 57 100
17 75 77
18 19 32
19 74 100
20 51 24
21 97 31
22 17 40
23 83 85
24 62 9
25 57 55
26 27 25
27 68 78
28 100 47
29 85 32
30 36 71
31 64 63
32 15 39
33 94 55
34 32 13
35 2 87
36 17 13
37 98 22
38 84 81
39 2 34
40 98 94
41 34 95
42 42 72
43 74 64
44 67 26
45 22 42
46 21 69
47 45 42
48 6 35
49 9 81
50 87 34
51 42 73
52 76 42
53 48 73
54 43 12
55 40 35
56 7 89
57 21 43
58 64 12
59 82 50
60 69 12
61 31 89
62 6 13
63 11 95
64 26 74
65 94 73
66 23 97
67 80 58
68 22 59
69 42 13
70 71 89
71 97 81
72 59 74
73 47 50
74 37 21
75 71 36
76 20 39
77 76 36
78 31 14
79 11 22
80 44 98
81 81 44
82 3 7
83 32 22
84 71 52
85 21 20
86 64 60
87 21 76
88 27 53
