93
1 16 38
2 39 53
3 29 38
4 63 7
5 86 22
6 18 46
7 68 53
8 31 69
9 67 38
10 30 8
11 73 38
12 26 54
13 79 38
14 92 15
15 5 47
16 23 85
17 53 54
18 37 39
19 9 70
20 72 17
21 53 16
22 20 9
23 93 92
24 23 9
25 76 77
26 9 17
27 54 24
28 21 78
29 76 62
30 82 39
31 76 1
32 12 2
33 77 47
34 60 55
35 76 93
36 85 70
37 67 55
38 32 56
39 5 18
40 51 25
41 38 10
42 3 87
43 60 71
44 13 3
45 18 78
46 7 57
47 35 49
48 26 95
49 68 64
50 4 65
51 83 18
52 2 4
53 74 87
54 79 87
55 60 38
56 97 18
57 8 96
58 90 49
59 15 12
60 97 49
61 22 96
62 49 88
63 92 34
64 66 65
65 61 4
66 88 19
67 34 81
68 29 20
69 4 13
70 14 74
71 65 81
72 69 89
73 38 82
74 6 29
75 73 51
76 14 75
77 8 14
78 13 14
79 71 59
80 75 59
81 28 98
82 25 95
83 21 83
84 57 75
85 11 7
86 50 37
87 46 60
88 1 76
89 26 68
90 8 53
91 16 30
92 87 75
93 30 53
