87
1 56 91
2 33 38
3 96 60
4 68 7
5 46 15
6 7 8
7 94 45
8 8 54
9 28 57
10 25 92
11 88 30
12 27 31
13 34 8
14 3 85
15 26 16
16 37 77
17 63 92
18 14 80
19 81 54
20 38 93
21 71 47
22 20 86
23 16 25
24 65 9
25 66 32
26 58 78
27 84 17
28 76 32
29 22 94
30 9 56
31 63 63
32 36 94
33 2 87
34 69 2
35 8 87
36 45 56
37 8 49
38 36 41
39 48 26
40 62 3
41 30 57
42 17 19
43 76 64
44 69 3
45 69 26
46 89 87
47 12 12
48 36 50
49 38 83
50 95 11
51 10 20
52 6 66
53 81 42
54 29 81
55 9 89
56 74 80
57 63 96
58 25 89
59 23 5
60 9 74
61 11 74
62 19 51
63 48 43
64 14 13
65 10 36
66 38 28
67 99 73
68 25 63
69 96 20
70 76 28
71 62 74
72 67 36
73 34 90
74 45 67
75 3 60
76 88 36
77 46 75
78 52 75
79 35 60
80 57 75
81 34 83
82 81 90
83 93 44
84 59 37
85 7 76
86 5 19
87 3 61
