59
1 48 91
2 28 34
3 50 70
4 21 80
5 62 26
6 4 67
7 3 14
8 59 7
9 65 91
10 63 28
11 22 21
12 78 24
13 67 28
14 12 75
15 3 8
16 16 93
17 34 84
18 19 48
19 99 43
20 6 57
21 23 92
22 22 50
23 77 32
24 75 55
25 54 86
26 72 59
27 14 100
28 94 74
29 4 83
30 69 19
31 30 12
32 76 73
33 23 58
34 46 25
35 67 76
36 22 29
37 35 85
38 9 66
39 53 10
40 15 87
41 10 68
42 60 63
43 12 47
44 50 39
45 64 31
46 74 92
47 32 22
48 92 46
49 9 74
50 41 22
51 7 99
52 50 85
53 74 3
54 41 89
55 52 46
56 28 9
57 94 73
58 54 66
59 11 46
