70
1 99 43
2 20 15
3 72 62
4 74 62
5 9 84
6 29 12
7 48 30
8 32 57
9 43 11
10 23 57
11 66 47
12 71 3
13 88 87
14 69 70
15 28 63
16 57 97
17 27 86
18 46 59
19 73 72
20 67 53
21 82 91
22 56 36
23 13 94
24 34 2
25 62 15
26 36 21
27 2 100
28 85 24
29 67 15
30 30 64
31 34 77
32 45 45
33 4 18
34 57 23
35 85 16
36 27 98
37 18 19
38 84 40
39 41 47
40 39 54
41 27 16
42 66 46
43 1 68
44 91 17
45 45 54
46 68 4
47 59 45
48 65 6
49 42 14
50 64 71
51 93 19
52 83 31
53 18 24
54 89 86
55 93 95
56 67 73
57 62 54
58 59 77
59 36 56
60 7 53
61 11 53
62 3 12
63 90 50
64 97 27
65 50 22
66 60 83
67 4 38
68 24 69
69 46 98
70 75 60
