73
1 8 40
2 63 76
3 22 15
4 48 98
5 72 1
6 18 73
7 100 100
8 13 44
9 47 97
10 5 90
11 30 82
12 22 65
13 76 33
14 97 76
15 53 57
16 70 9
17 65 11
18 31 44
19 45 19
20 79 72
21 62 78
22 62 15
23 18 96
24 31 48
25 54 15
26 85 95
27 52 21
28 55 42
29 70 59
30 15 35
31 29 10
32 63 63
33 44 25
34 84 78
35 99 95
36 26 2
37 15 81
38 51 8
39 71 42
40 38 22
41 98 13
42 77 63
43 49 2
44 62 90
45 57 85
46 76 93
47 50 54
48 80 2
49 73 90
50 23 22
51 75 48
52 88 44
53 2 74
54 48 32
55 54 58
56 41 63
57 3 97
58 73 10
59 100 44
60 86 92
61 30 67
62 56 39
63 11 76
64 83 52
65 100 49
66 20 74
67 35 91
68 2 17
69 19 43
70 94 94
71 45 77
72 14 36
73 50 68
