80
1 66 85
2 38 87
3 100 96
4 77 83
5 88 37
6 46 99
7 73 5
8 97 37
9 31 38
10 25 7
11 96 18
12 87 64
13 15 67
14 7 63
15 66 15
16 86 90
17 36 37
18 33 21
19 73 72
20 78 28
21 68 11
22 17 50
23 25 92
24 36 46
25 76 97
26 16 96
27 8 14
28 26 36
29 39 90
30 45 67
31 37 92
32 26 96
33 97 9
34 62 20
35 17 79
36 94 29
37 67 95
38 12 18
39 87 51
40 70 21
41 34 12
42 23 16
43 93 36
44 33 35
45 29 66
46 43 75
47 61 48
48 4 47
49 55 73
50 55 100
51 15 38
52 83 86
53 91 74
54 67 71
55 30 41
56 20 3
57 83 25
58 4 9
59 74 50
60 58 77
61 26 3
62 36 64
63 50 39
64 40 92
65 34 3
66 24 28
67 85 8
68 39 45
69 89 29
70 82 96
71 75 56
72 21 32
73 97 71
74 2 61
75 49 3
76 97 94
77 23 55
78 51 41
79 1 41
80 74 89
