73
1 3 42
2 72 41
3 88 100
4 11 84
5 90 16
6 73 22
7 63 11
8 79 85
9 13 77
10 91 66
11 96 39
12 8 69
13 10 69
14 25 9
15 58 39
16 83 34
17 98 20
18 4 52
19 64 11
20 50 80
21 31 44
22 75 30
23 69 55
24 23 80
25 6 98
26 79 33
27 2 100
28 91 28
29 65 17
30 45 88
31 8 37
32 64 19
33 74 80
34 92 11
35 58 41
36 18 37
37 72 22
38 44 29
39 37 96
40 60 46
41 21 4
42 20 39
43 64 25
44 68 88
45 23 25
46 85 19
47 69 10
48 59 49
49 3 28
50 67 50
51 21 24
52 20 89
53 26 45
54 74 62
55 77 50
56 76 8
57 87 48
58 22 70
59 50 83
60 11 11
61 32 5
62 77 33
63 69 33
64 97 27
65 52 85
66 10 78
67 47 5
68 91 31
69 22 97
70 16 57
71 26 48
72 55 45
73 24 88
