78
1 87 14
2 1 86
3 11 19
4 69 43
5 67 87
6 86 81
7 92 58
8 76 43
9 65 47
10 30 38
11 13 23
12 84 64
13 13 11
14 84 1
15 22 86
16 36 40
17 92 43
18 86 3
19 86 89
20 71 9
21 21 90
22 37 21
23 32 23
24 22 48
25 28 4
26 48 19
27 70 55
28 53 40
29 99 62
30 13 33
31 21 52
32 63 60
33 17 47
34 7 37
35 37 92
36 89 3
37 58 86
38 46 52
39 75 79
40 79 80
41 25 65
42 55 85
43 7 7
44 9 81
45 39 33
46 96 42
47 12 43
48 90 10
49 25 87
50 53 96
51 27 20
52 79 67
53 51 59
54 38 60
55 75 73
56 70 29
57 24 11
58 74 9
59 79 92
60 7 53
61 64 98
62 87 48
63 68 12
64 24 91
65 97 67
66 92 95
67 19 9
68 46 43
69 73 77
70 48 43
71 30 7
72 76 35
73 28 30
74 99 66
75 72 16
76 50 45
77 41 70
78 40 79
