79
1 15 10
2 50 91
3 81 60
4 53 49
5 90 7
6 96 100
7 74 13
8 64 15
9 85 41
10 46 97
11 21 63
12 96 81
13 2 73
14 78 24
15 25 64
16 5 92
17 34 60
18 48 57
19 61 32
20 90 51
21 40 40
22 88 3
23 25 17
24 91 24
25 16 29
26 91 89
27 86 91
28 11 31
29 72 43
30 41 15
31 41 44
32 56 61
33 88 51
34 89 51
35 21 10
36 27 56
37 24 10
38 76 57
39 28 14
40 71 38
41 34 54
42 46 90
43 45 50
44 69 21
45 67 65
46 30 1
47 67 72
48 77 85
49 26 100
50 39 98
51 64 90
52 75 44
53 46 54
54 33 86
55 32 60
56 76 67
57 2 28
58 37 81
59 48 35
60 28 16
61 97 63
62 7 51
63 68 68
64 31 45
65 3 55
66 76 80
67 53 39
68 80 73
69 8 34
70 20 53
71 21 53
72 50 1
73 10 15
74 6 29
75 13 36
76 80 14
77 54 87
78 99 2
79 85 14
