100
1 30 15
2 84 83
3 71 45
4 29 38
5 41 99
6 43 99
7 22 46
8 77 97
9 20 69
10 16 92
11 43 84
12 74 76
13 44 23
14 41 46
15 67 38
16 83 15
17 1 1
18 47 31
19 89 61
20 66 69
21 72 46
22 28 62
23 9 70
24 14 70
25 86 92
26 58 39
27 65 39
28 55 1
29 36 55
30 18 63
31 48 55
32 35 63
33 86 70
34 30 42
35 97 93
36 20 79
37 13 41
38 58 71
39 23 41
40 24 41
41 93 40
42 59 99
43 60 33
44 8 95
45 21 49
46 33 3
47 55 80
48 81 10
49 26 72
50 29 95
51 35 72
52 44 49
53 91 79
54 47 95
55 1 4
56 89 18
57 83 3
58 95 64
59 31 88
60 81 95
61 29 50
62 20 96
63 70 80
64 98 11
65 71 65
66 97 52
67 86 50
68 58 81
69 32 5
70 95 50
71 36 51
72 89 35
73 53 51
74 92 81
75 71 89
76 9 90
77 55 97
78 100 20
79 16 6
80 36 21
81 51 59
82 74 74
83 67 80
84 74 97
85 28 6
86 58 82
87 85 97
88 45 90
89 76 59
90 84 36
91 72 44
92 21 83
93 84 5
94 6 7
95 11 91
96 20 68
97 28 45
98 31 68
99 93 6
100 83 14
