82
1 27 34
2 79 81
3 30 55
4 44 72
5 92 35
6 44 71
7 16 40
8 61 68
9 26 80
10 6 23
11 97 100
12 76 1
13 70 89
14 69 49
15 53 74
16 10 93
17 77 24
18 5 6
19 68 28
20 66 93
21 46 36
22 41 38
23 54 12
24 69 51
25 4 52
26 21 56
27 84 16
28 70 74
29 45 79
30 99 1
31 60 36
32 78 58
33 65 42
34 10 75
35 15 31
36 12 98
37 67 36
38 24 63
39 20 28
40 47 65
41 19 33
42 89 74
43 82 54
44 82 57
45 57 2
46 21 25
47 93 34
48 39 62
49 46 29
50 100 63
51 8 64
52 77 42
53 35 21
54 58 92
55 50 96
56 36 37
57 52 23
58 84 86
59 71 48
60 62 49
61 3 93
62 99 40
63 65 86
64 19 26
65 31 66
66 98 23
67 71 75
68 5 76
69 21 93
70 37 24
71 68 19
72 28 28
73 85 52
74 94 92
75 19 32
76 27 51
77 86 96
78 35 28
79 50 45
80 18 79
81 71 39
82 58 9
