70
1 69 44
2 2 24
3 73 62
4 56 47
5 46 51
6 55 70
7 85 18
8 20 40
9 42 97
10 8 67
11 96 33
12 17 23
13 58 95
14 42 80
15 37 82
16 91 43
17 61 97
18 58 99
19 88 89
20 30 18
21 29 67
22 73 74
23 11 96
24 41 65
25 38 4
26 84 30
27 75 6
28 46 73
29 44 2
30 37 90
31 78 34
32 68 94
33 96 93
34 14 14
35 17 56
36 1 43
37 32 97
38 65 84
39 83 57
40 99 5
41 30 12
42 64 67
43 39 33
44 58 6
45 35 78
46 99 15
47 24 62
48 87 68
49 67 27
50 14 89
51 84 88
52 64 31
53 50 100
54 57 77
55 57 35
56 85 90
57 94 2
58 12 51
59 72 96
60 5 76
61 5 54
62 88 92
63 88 55
64 6 100
65 71 55
66 31 93
67 25 74
68 60 8
69 20 34
70 87 98
