67
1 74 18
2 29 89
3 23 57
4 61 66
5 14 82
6 85 33
7 93 79
8 21 61
9 28 17
10 64 80
11 88 62
12 96 60
13 29 40
14 41 16
15 90 43
16 62 53
17 45 8
18 13 24
19 12 8
20 17 32
21 21 4
22 98 68
23 80 8
24 74 34
25 92 7
26 82 32
27 52 21
28 61 61
29 43 90
30 80 57
31 49 90
32 94 55
33 75 19
34 70 21
35 54 48
36 74 29
37 32 55
38 45 52
39 13 85
40 66 38
41 28 60
42 79 86
43 75 45
44 18 1
45 70 48
46 66 71
47 31 83
48 90 21
49 46 33
50 7 24
51 46 65
52 64 75
53 9 30
54 39 85
55 14 1
56 86 6
57 10 97
58 21 51
59 76 52
60 72 14
61 28 72
62 64 39
63 33 7
64 90 10
65 10 80
66 25 97
67 86 21
