90
1 38 30
2 25 15
3 45 30
4 95 37
5 35 38
6 77 68
7 32 84
8 34 84
9 12 8
10 9 54
11 33 92
12 77 99
13 83 61
14 24 39
15 89 84
16 76 8
17 56 100
18 9 32
19 98 46
20 89 92
21 82 50
22 72 100
23 58 44
24 27 9
25 43 9
26 10 63
27 59 47
28 88 92
29 54 93
30 72 24
31 97 16
32 100 39
33 22 25
34 47 17
35 40 86
36 9 33
37 91 70
38 95 70
39 53 85
40 26 9
41 70 16
42 35 42
43 52 94
44 90 40
45 75 25
46 31 23
47 93 63
48 17 26
49 70 10
50 39 64
51 90 71
52 34 95
53 96 33
54 16 19
55 67 26
56 24 50
57 83 87
58 40 88
59 50 80
60 9 73
61 38 32
62 33 4
63 10 12
64 26 50
65 16 40
66 93 72
67 34 73
68 39 96
69 96 80
70 15 66
71 18 66
72 38 81
73 73 73
74 23 5
75 44 20
76 93 50
77 20 21
78 64 51
79 66 97
80 71 85
81 31 75
82 51 6
83 50 52
84 92 82
85 17 7
86 13 53
87 34 68
88 76 14
89 68 83
90 8 61
