94
1 83 83
2 53 53
3 28 84
4 13 92
5 45 61
6 89 65
7 94 68
8 6 77
9 17 100
10 47 69
11 5 62
12 68 84
13 92 15
14 47 31
15 93 38
16 2 4
17 97 84
18 50 100
19 52 100
20 73 77
21 56 85
22 84 77
23 31 32
24 4 2
25 91 16
26 1 71
27 10 71
28 60 55
29 80 70
30 15 71
31 69 55
32 13 10
33 42 10
34 57 71
35 46 33
36 65 71
37 49 41
38 61 29
39 82 79
40 83 18
41 11 65
42 12 65
43 12 68
44 10 88
45 88 41
46 6 27
47 55 65
48 70 19
49 86 57
50 33 78
51 5 43
52 4 66
53 48 73
54 10 5
55 94 42
56 39 20
57 25 89
58 14 51
59 2 36
60 70 35
61 76 38
62 34 51
63 6 62
64 47 51
65 43 74
66 92 58
67 50 74
68 93 34
69 78 5
70 6 52
71 34 67
72 58 82
73 50 21
74 25 16
75 65 82
76 35 91
77 90 80
78 85 36
79 20 60
80 22 60
81 14 22
82 37 37
83 17 45
84 15 68
85 56 98
86 90 67
87 63 98
88 21 91
89 56 60
90 17 53
91 41 37
92 92 52
93 76 37
94 22 99
