88
1 96 98
2 12 89
3 75 22
4 30 61
5 51 76
6 9 92
7 58 76
8 5 100
9 26 8
10 16 77
11 72 84
12 18 39
13 34 39
14 57 54
15 74 31
16 52 39
17 89 8
18 34 93
19 32 9
20 54 47
21 63 70
22 30 63
23 4 94
24 93 1
25 7 33
26 16 10
27 18 10
28 9 56
29 96 70
30 56 63
31 3 64
32 75 63
33 53 94
34 64 48
35 24 41
36 76 72
37 34 41
38 5 95
39 99 86
40 70 33
41 48 64
42 15 57
43 55 96
44 49 49
45 4 88
46 98 79
47 9 88
48 28 42
49 87 87
50 2 96
51 13 50
52 4 96
53 77 95
54 47 88
55 48 73
56 16 43
57 75 4
58 83 88
59 46 58
60 34 20
61 42 41
62 94 65
63 32 82
64 90 50
65 18 97
66 77 35
67 100 50
68 82 81
69 44 97
70 99 58
71 56 74
72 9 29
73 62 13
74 48 82
75 43 21
76 66 36
77 27 29
78 31 52
79 38 29
80 84 36
81 32 14
82 70 67
83 78 44
84 13 68
85 6 7
86 54 98
87 81 90
88 59 98
