80
1 4 63
2 84 37
3 62 73
4 30 13
5 65 87
6 96 75
7 96 35
8 3 30
9 33 78
10 58 70
11 96 16
12 47 34
13 7 69
14 94 83
15 1 52
16 96 62
17 42 59
18 35 19
19 45 80
20 43 17
21 29 86
22 52 15
23 81 91
24 37 90
25 11 41
26 67 97
27 62 99
28 15 94
29 89 36
30 94 47
31 33 25
32 14 96
33 99 62
34 73 99
35 91 8
36 96 28
37 25 23
38 62 40
39 29 67
40 83 13
41 1 76
42 55 49
43 51 25
44 44 67
45 50 90
46 98 53
47 100 53
48 70 21
49 80 82
50 94 99
51 6 22
52 48 52
53 43 54
54 8 63
55 80 86
56 48 12
57 87 54
58 77 25
59 14 89
60 28 64
61 46 37
62 51 100
63 32 64
64 80 6
65 94 79
66 98 44
67 93 67
68 8 53
69 8 65
70 73 96
71 14 51
72 73 33
73 19 14
74 55 20
75 87 31
76 42 32
77 31 46
78 100 71
79 89 75
80 53 3
