98
1 52 68
2 44 30
3 76 22
4 96 60
5 46 99
6 74 91
7 77 7
8 41 84
9 10 54
10 57 61
11 64 38
12 33 8
13 54 23
14 69 84
15 70 84
16 77 61
17 80 61
18 60 69
19 59 8
20 88 84
21 73 92
22 43 62
23 40 85
24 16 9
25 18 9
26 28 88
27 58 30
28 21 55
29 98 77
30 74 2
31 74 47
32 19 2
33 64 9
34 36 40
35 35 63
36 4 10
37 31 2
38 80 9
39 50 63
40 54 2
41 85 78
42 11 18
43 26 56
44 64 2
45 42 10
46 15 41
47 57 99
48 23 18
49 64 48
50 39 100
51 78 25
52 8 87
53 78 86
54 71 10
55 67 79
56 29 95
57 70 87
58 43 11
59 38 80
60 69 72
61 67 11
62 69 15
63 57 19
64 84 11
65 86 57
66 74 19
67 51 27
68 70 65
69 90 19
70 5 5
71 84 65
72 12 5
73 29 66
74 65 12
75 46 20
76 77 96
77 15 36
78 1 67
79 71 66
80 68 5
81 91 71
82 64 13
83 33 67
84 10 98
85 53 21
86 20 75
87 12 14
88 32 29
89 18 14
90 53 6
91 65 67
92 60 29
93 62 29
94 58 64
95 22 45
96 97 38
97 8 15
98 7 61
