63
1 37 9
2 47 91
3 68 64
4 56 74
5 76 20
6 80 52
7 41 11
8 11 4
9 96 58
10 41 37
11 55 9
12 65 70
13 69 91
14 21 86
15 59 53
16 6 71
17 82 84
18 80 70
19 50 59
20 53 38
21 43 63
22 96 3
23 83 93
24 100 68
25 77 76
26 79 97
27 98 27
28 89 53
29 77 15
30 40 92
31 37 8
32 9 62
33 73 94
34 79 63
35 52 71
36 59 47
37 23 60
38 44 96
39 84 19
40 56 50
41 35 94
42 29 39
43 47 60
44 27 62
45 26 3
46 72 48
47 83 2
48 10 70
49 84 67
50 29 24
51 18 26
52 89 46
53 56 100
54 4 11
55 47 51
56 14 100
57 22 49
58 26 70
59 77 80
60 49 43
61 66 27
62 37 93
63 87 77
