60
1 41 93
2 51 45
3 35 11
4 8 19
5 61 68
6 16 63
7 74 94
8 26 82
9 9 88
10 45 29
11 83 45
12 33 90
13 18 25
14 14 27
15 72 30
16 6 31
17 39 25
18 97 45
19 88 91
20 68 34
21 11 54
22 6 7
23 94 91
24 82 38
25 57 19
26 66 59
27 35 41
28 70 71
29 87 38
30 75 38
31 14 39
32 51 27
33 30 87
34 98 13
35 58 71
36 2 47
37 67 90
38 38 100
39 67 32
40 8 47
41 21 43
42 30 83
43 23 47
44 39 60
45 40 39
46 16 26
47 67 31
48 89 46
49 92 88
50 77 8
51 1 30
52 4 99
53 15 53
54 55 83
55 3 38
56 65 18
57 68 39
58 28 74
59 71 24
60 79 37
