61
1 45 28
2 68 85
3 74 54
4 97 56
5 54 4
6 49 95
7 62 91
8 69 88
9 92 77
10 6 69
11 31 19
12 52 55
13 83 3
14 99 61
15 11 92
16 17 69
17 91 66
18 98 64
19 60 13
20 15 8
21 25 65
22 40 86
23 82 74
24 2 78
25 51 23
26 43 3
27 37 8
28 84 57
29 7 83
30 41 1
31 74 40
32 62 2
33 97 71
34 3 1
35 84 17
36 32 14
37 1 68
38 94 37
39 16 64
40 11 72
41 21 87
42 86 23
43 90 65
44 13 28
45 77 71
46 22 47
47 29 24
48 100 86
49 43 20
50 42 64
51 6 75
52 20 72
53 44 43
54 92 11
55 41 50
56 46 66
57 85 75
58 88 91
59 31 30
60 15 36
61 94 75
