98
1 23 99
2 36 53
3 64 45
4 81 83
5 44 76
6 77 91
7 79 91
8 15 8
9 68 8
10 28 69
11 2 100
12 14 54
13 27 77
14 44 8
15 9 1
16 9 24
17 36 39
18 9 70
19 87 23
20 37 62
21 23 47
22 30 47
23 36 24
24 90 92
25 36 70
26 97 31
27 47 70
28 2 48
29 82 1
30 65 93
31 99 4
32 52 78
33 45 40
34 87 70
35 94 47
36 55 2
37 65 39
38 45 94
39 100 55
40 25 18
41 90 40
42 70 48
43 24 64
44 13 26
45 52 56
46 92 2
47 33 87
48 40 64
49 79 94
50 6 40
51 49 87
52 58 87
53 20 19
54 72 72
55 58 57
56 89 49
57 22 45
58 21 12
59 19 81
60 96 57
61 3 5
62 46 35
63 81 88
64 97 19
65 81 27
66 72 96
67 70 35
68 43 89
69 25 74
70 97 67
71 91 12
72 88 35
73 43 51
74 3 44
75 27 91
76 45 74
77 79 43
78 70 5
79 80 66
80 72 84
81 5 75
82 56 59
83 66 36
84 14 75
85 88 74
86 7 60
87 51 67
88 65 67
89 31 60
90 40 37
91 25 22
92 30 73
93 43 83
94 75 52
95 54 60
96 56 60
97 15 99
98 21 76
