63
1 92 94
2 68 85
3 20 80
4 91 94
5 50 5
6 66 78
7 15 63
8 46 11
9 61 75
10 89 21
11 66 91
12 40 66
13 86 43
14 100 32
15 15 90
16 37 19
17 70 30
18 28 23
19 100 76
20 67 34
21 22 92
22 2 35
23 5 77
24 10 33
25 28 92
26 44 23
27 24 52
28 63 82
29 97 51
30 32 73
31 31 50
32 15 81
33 28 77
34 65 65
35 70 21
36 76 84
37 72 44
38 100 99
39 6 3
40 94 48
41 62 92
42 78 71
43 19 89
44 34 18
45 87 47
46 16 89
47 29 43
48 42 33
49 53 66
50 35 43
51 5 32
52 14 9
53 67 77
54 41 22
55 10 76
56 10 13
57 18 73
58 90 52
59 46 3
60 19 34
61 25 98
62 81 84
63 55 74
