90
1 76 60
2 65 78
3 35 76
4 65 45
5 59 30
6 18 23
7 88 22
8 36 84
9 82 7
10 11 31
11 21 8
12 12 54
13 90 7
14 30 92
15 3 16
16 77 99
17 4 39
18 23 77
19 91 99
20 70 23
21 84 84
22 24 1
23 72 92
24 45 39
25 52 16
26 64 100
27 4 78
28 77 77
29 7 55
30 91 16
31 60 93
32 23 86
33 94 24
34 68 55
35 88 70
36 75 32
37 12 79
38 71 63
39 36 42
40 43 56
41 96 57
42 81 10
43 78 33
44 12 34
45 51 64
46 47 26
47 58 49
48 31 80
49 55 11
50 95 64
51 41 19
52 61 34
53 88 49
54 42 65
55 91 95
56 11 58
57 58 65
58 67 24
59 82 19
60 2 89
61 82 65
62 5 74
63 48 20
64 91 50
65 18 97
66 70 81
67 97 35
68 5 6
69 45 36
70 72 51
71 73 74
72 79 51
73 95 89
74 44 21
75 82 51
76 81 74
77 9 14
78 87 13
79 41 54
80 69 21
81 48 59
82 31 14
83 53 29
84 55 50
85 6 30
86 85 90
87 52 60
88 82 29
89 34 68
90 97 52
