77
1 45 28
2 95 33
3 44 93
4 31 34
5 47 58
6 26 70
7 87 81
8 59 52
9 24 78
10 8 2
11 89 28
12 92 60
13 86 41
14 26 19
15 30 61
16 32 61
17 99 18
18 3 8
19 50 64
20 46 29
21 3 31
22 93 87
23 93 45
24 60 99
25 14 8
26 19 92
27 64 99
28 13 31
29 99 24
30 79 74
31 31 69
32 79 32
33 96 84
34 92 36
35 69 15
36 48 65
37 52 86
38 22 54
39 12 37
40 67 19
41 65 3
42 9 39
43 83 54
44 93 97
45 66 1
46 50 44
47 74 42
48 80 64
49 23 39
50 80 63
51 2 68
52 86 68
53 31 39
54 7 26
55 14 24
56 5 70
57 33 41
58 90 65
59 23 45
60 73 52
61 72 13
62 31 87
63 20 6
64 29 3
65 42 13
66 38 22
67 96 67
68 48 41
69 76 96
70 74 33
71 100 46
72 93 25
73 49 43
74 18 97
75 56 53
76 34 30
77 31 32
