57
1 13 17
2 19 80
3 100 96
4 64 13
5 28 36
6 17 73
7 84 1
8 75 43
9 4 46
10 47 11
11 70 89
12 7 32
13 36 46
14 99 81
15 86 43
16 49 13
17 51 34
18 43 59
19 61 31
20 2 96
21 35 65
22 21 6
23 56 38
24 92 57
25 35 67
26 72 34
27 49 42
28 4 44
29 52 21
30 85 53
31 61 51
32 21 56
33 66 55
34 92 78
35 67 44
36 64 67
37 100 13
38 30 58
39 99 57
40 82 21
41 68 48
42 87 65
43 27 41
44 75 69
45 73 6
46 27 22
47 26 45
48 99 44
49 83 50
50 60 58
51 97 46
52 49 68
53 1 80
54 67 76
55 90 54
56 86 77
57 24 13
