85
1 53 68
2 87 80
3 9 78
4 100 96
5 100 75
6 86 81
7 84 18
8 74 43
9 22 82
10 54 93
11 42 55
12 74 45
13 10 16
14 8 37
15 92 41
16 76 26
17 26 86
18 64 68
19 54 5
20 84 68
21 39 96
22 26 67
23 27 67
24 37 75
25 49 8
26 80 93
27 13 73
28 29 21
29 6 20
30 34 46
31 15 26
32 9 84
33 24 73
34 72 87
35 79 34
36 51 65
37 14 41
38 53 44
39 47 25
40 91 44
41 10 81
42 77 59
43 91 30
44 18 26
45 85 99
46 48 9
47 4 43
48 62 88
49 95 50
50 93 36
51 74 15
52 18 41
53 27 81
54 50 9
55 39 35
56 34 37
57 96 38
58 54 31
59 95 30
60 93 19
61 42 79
62 49 56
63 36 5
64 56 33
65 3 51
66 55 54
67 14 91
68 64 2
69 75 8
70 91 89
71 14 65
72 90 52
73 71 12
74 22 27
75 65 100
76 75 36
77 6 99
78 75 98
79 66 16
80 94 71
81 32 10
82 33 7
83 44 6
84 66 18
85 53 39
