92
1 97 98
2 42 99
3 39 15
4 16 46
5 89 22
6 75 30
7 12 31
8 11 84
9 52 35
10 3 16
11 70 38
12 100 7
13 60 23
14 65 96
15 78 84
16 20 19
17 83 23
18 49 16
19 17 70
20 56 16
21 33 47
22 54 62
23 71 100
24 28 17
25 96 1
26 80 93
27 14 10
28 78 32
29 96 9
30 2 41
31 18 18
32 1 26
33 16 64
34 35 18
35 50 56
36 84 25
37 75 94
38 93 25
39 27 26
40 20 72
41 100 25
42 7 54
43 1 42
44 100 33
45 49 72
46 58 49
47 26 19
48 52 34
49 6 50
50 32 42
51 35 42
52 38 42
53 92 3
54 44 50
55 69 88
56 26 20
57 76 4
58 75 27
59 42 81
60 30 43
61 32 43
62 4 74
63 77 73
64 59 58
65 82 73
66 37 5
67 74 58
68 95 73
69 39 28
70 35 51
71 58 66
72 42 97
73 61 28
74 31 82
75 76 89
76 67 51
77 63 74
78 58 36
79 85 97
80 67 82
81 26 98
82 14 60
83 71 21
84 99 36
85 97 59
86 15 45
87 6 91
88 7 24
89 31 45
90 37 91
91 74 37
92 80 14
