84
1 96 96
2 89 56
3 73 1
4 97 33
5 65 7
6 87 81
7 28 80
8 75 22
9 73 87
10 1 100
11 44 76
12 45 57
13 44 34
14 34 59
15 36 38
16 70 49
17 58 74
18 34 61
19 82 24
20 80 53
21 5 8
22 32 42
23 80 5
24 30 86
25 37 43
26 50 99
27 24 4
28 10 73
29 23 48
30 16 8
31 85 30
32 46 74
33 40 44
34 16 31
35 20 86
36 37 46
37 97 5
38 25 8
39 50 86
40 98 49
41 32 35
42 99 91
43 82 99
44 69 40
45 29 75
46 13 56
47 43 71
48 89 45
49 73 36
50 99 11
51 13 20
52 42 54
53 90 17
54 66 4
55 77 16
56 92 52
57 60 50
58 31 44
59 92 38
60 1 7
61 37 92
62 90 21
63 25 22
64 83 77
65 5 25
66 22 68
67 70 39
68 65 12
69 49 39
70 77 44
71 23 55
72 70 62
73 47 97
74 5 99
75 74 81
76 6 78
77 23 84
78 41 68
79 64 35
80 63 83
81 74 16
82 60 85
83 37 93
84 49 68
