85
1 2 21
2 64 1
3 85 16
4 97 98
5 99 98
6 35 13
7 51 72
8 34 78
9 99 14
10 17 63
11 59 38
12 21 1
13 41 99
14 60 93
15 3 85
16 73 64
17 59 67
18 55 97
19 20 9
20 84 24
21 69 45
22 63 32
23 9 29
24 52 77
25 18 3
26 7 31
27 25 4
28 33 23
29 84 80
30 43 21
31 35 46
32 44 86
33 58 34
34 16 96
35 96 91
36 94 7
37 88 95
38 57 63
39 48 51
40 71 38
41 94 34
42 77 17
43 90 97
44 28 12
45 82 26
46 58 5
47 39 57
48 4 64
49 13 100
50 39 62
51 5 1
52 96 99
53 56 21
54 48 56
55 46 96
56 48 95
57 6 89
58 81 65
59 65 92
60 33 39
61 66 71
62 70 6
63 6 10
64 44 37
65 59 54
66 47 37
67 94 91
68 98 42
69 43 18
70 61 28
71 82 50
72 21 28
73 36 24
74 9 67
75 56 18
76 41 66
77 76 12
78 98 2
79 38 54
80 20 55
81 1 57
82 83 35
83 94 68
84 26 76
85 13 24
