76
1 9 40
2 57 89
3 50 49
4 88 58
5 68 1
6 9 52
7 74 43
8 36 99
9 3 25
10 77 30
11 22 84
12 88 20
13 20 30
14 22 65
15 2 29
16 7 42
17 100 41
18 56 99
19 25 52
20 48 50
21 53 38
22 2 98
23 66 68
24 1 79
25 39 88
26 4 100
27 44 88
28 12 35
29 70 80
30 28 79
31 4 60
32 14 34
33 37 94
34 71 19
35 56 4
36 45 3
37 53 27
38 41 96
39 78 84
40 1 89
41 7 66
42 18 30
43 47 10
44 96 80
45 62 92
46 74 46
47 33 60
48 11 19
49 28 41
50 62 94
51 16 3
52 45 56
53 67 8
54 35 83
55 100 19
56 96 87
57 97 21
58 50 10
59 65 75
60 41 85
61 14 9
62 59 16
63 1 57
64 64 6
65 27 49
66 23 9
67 37 5
68 88 5
69 88 10
70 6 97
71 39 91
72 12 88
73 13 15
74 16 76
75 65 92
76 12 67
