62
1 3 63
2 33 32
3 61 86
4 24 15
5 47 93
6 100 98
7 51 72
8 92 39
9 53 95
10 15 2
11 27 63
12 5 50
13 72 3
14 34 63
15 4 36
16 50 59
17 89 79
18 60 78
19 82 7
20 89 91
21 80 9
22 47 1
23 93 54
24 26 50
25 10 28
26 45 46
27 51 23
28 36 71
29 57 86
30 55 23
31 73 43
32 41 50
33 38 35
34 33 78
35 65 23
36 24 60
37 28 58
38 10 79
39 50 94
40 99 21
41 92 17
42 58 10
43 36 64
44 7 28
45 49 76
46 82 4
47 63 96
48 28 66
49 14 7
50 88 38
51 72 31
52 31 45
53 26 47
54 34 80
55 37 3
56 12 59
57 9 13
58 26 72
59 61 62
60 45 26
61 10 17
62 1 42
