95
1 2 46
2 27 61
3 5 92
4 60 76
5 33 62
6 25 31
7 81 38
8 94 15
9 98 38
10 5 55
11 52 77
12 13 93
13 35 1
14 62 100
15 90 92
16 67 16
17 96 46
18 88 100
19 1 98
20 72 12
21 59 93
22 99 16
23 74 47
24 13 48
25 41 86
26 36 25
27 19 10
28 90 9
29 28 94
30 22 56
31 10 41
32 85 17
33 42 56
34 73 48
35 94 63
36 85 48
37 93 25
38 68 56
39 80 86
40 73 56
41 14 80
42 80 18
43 51 95
44 82 26
45 51 80
46 92 3
47 90 58
48 90 72
49 48 37
50 68 19
51 47 27
52 90 80
53 61 27
54 82 65
55 8 28
56 15 5
57 39 20
58 66 12
59 100 88
60 10 97
61 7 13
62 33 74
63 55 89
64 43 51
65 33 13
66 19 82
67 39 97
68 45 64
69 58 16
70 22 44
71 48 36
72 89 66
73 25 90
74 8 75
75 76 74
76 39 44
77 49 6
78 45 29
79 37 75
80 14 99
81 25 60
82 46 96
83 70 6
84 3 30
85 96 21
86 48 60
87 92 90
88 69 98
89 51 83
90 34 68
91 35 68
92 75 63
93 1 38
94 77 14
95 56 45
