66
1 53 47
2 67 43
3 15 61
4 70 43
5 12 21
6 74 1
7 39 13
8 91 60
9 25 61
10 11 2
11 51 87
12 12 88
13 77 75
14 24 43
15 99 18
16 90 19
17 58 76
18 14 27
19 9 29
20 7 94
21 59 78
22 79 51
23 74 53
24 36 2
25 53 61
26 24 71
27 25 42
28 80 19
29 93 22
30 99 93
31 38 19
32 88 55
33 15 16
34 36 52
35 32 26
36 6 20
37 39 52
38 9 20
39 92 78
40 41 96
41 50 27
42 92 9
43 79 63
44 60 29
45 40 35
46 38 79
47 5 70
48 59 31
49 76 14
50 99 40
51 36 83
52 78 71
53 39 1
54 34 3
55 95 69
56 16 11
57 11 24
58 21 74
59 56 20
60 33 7
61 49 66
62 20 76
63 82 22
64 14 36
65 15 53
66 92 33
