97
1 72 83
2 100 98
3 41 44
4 43 99
5 2 92
6 15 69
7 4 31
8 74 99
9 47 46
10 5 39
11 54 23
12 8 39
13 58 23
14 78 61
15 80 61
16 26 16
17 22 39
18 12 1
19 84 84
20 60 8
21 80 23
22 70 8
23 91 23
24 87 46
25 47 62
26 77 31
27 35 24
28 35 70
29 32 93
30 15 17
31 83 16
32 18 37
33 44 55
34 20 2
35 59 55
36 72 9
37 47 40
38 54 17
39 53 63
40 2 87
41 98 64
42 82 63
43 50 10
44 72 25
45 53 80
46 6 95
47 12 95
48 89 71
49 38 26
50 29 95
51 77 18
52 33 57
53 20 19
54 42 34
55 45 34
56 36 80
57 12 27
58 31 65
59 96 87
60 46 65
61 36 69
62 26 96
63 56 65
64 19 35
65 84 57
66 31 12
67 2 66
68 2 89
69 85 42
70 93 19
71 92 42
72 71 73
73 93 88
74 25 28
75 67 81
76 20 36
77 58 5
78 92 20
79 43 36
80 44 36
81 21 44
82 90 5
83 27 6
84 8 14
85 29 29
86 71 59
87 87 13
88 73 82
89 75 82
90 46 31
91 66 67
92 65 4
93 62 29
94 15 45
95 17 85
96 92 6
97 38 91
