72
1 46 49
2 48 28
3 77 62
4 20 40
5 100 35
6 76 22
7 40 13
8 58 10
9 74 33
10 2 27
11 54 74
12 56 95
13 80 45
14 71 28
15 82 39
16 18 24
17 84 89
18 41 40
19 59 13
20 72 9
21 56 15
22 28 46
23 97 66
24 49 61
25 7 54
26 2 35
27 5 77
28 100 89
29 94 70
30 84 28
31 54 42
32 30 29
33 24 98
34 70 38
35 43 90
36 12 58
37 90 11
38 44 6
39 49 44
40 62 52
41 44 71
42 83 61
43 74 65
44 2 26
45 97 80
46 29 72
47 25 41
48 80 2
49 28 95
50 21 1
51 91 21
52 35 86
53 40 83
54 47 81
55 55 79
56 93 67
57 54 16
58 100 65
59 5 76
60 50 83
61 21 72
62 75 74
63 67 100
64 56 83
65 85 31
66 29 93
67 77 59
68 66 60
69 84 71
70 6 26
71 5 61
72 85 47
