69
1 42 93
2 6 84
3 79 60
4 78 47
5 15 82
6 17 75
7 88 35
8 22 38
9 6 86
10 49 92
11 36 99
12 69 3
13 92 91
14 53 9
15 57 72
16 41 94
17 47 15
18 54 32
19 22 86
20 76 5
21 56 76
22 56 55
23 10 92
24 99 20
25 70 9
26 7 28
27 100 1
28 17 8
29 46 51
30 18 73
31 80 53
32 98 26
33 13 12
34 29 71
35 39 4
36 17 4
37 55 87
38 8 58
39 11 59
40 26 49
41 96 97
42 45 50
43 32 13
44 31 29
45 16 18
46 46 94
47 85 61
48 96 78
49 78 42
50 92 17
51 66 6
52 10 56
53 47 32
54 61 96
55 73 71
56 99 42
57 42 83
58 85 48
59 70 67
60 31 61
61 4 99
62 49 30
63 48 87
64 77 35
65 50 61
66 4 58
67 98 94
68 65 20
69 63 85
