65
1 92 21
2 2 86
3 20 17
4 47 30
5 4 100
6 90 81
7 83 20
8 45 76
9 96 97
10 18 65
11 70 34
12 81 81
13 85 66
14 45 59
15 48 64
16 4 10
17 57 78
18 89 9
19 100 47
20 38 67
21 42 23
22 63 24
23 94 26
24 36 46
25 10 49
26 31 27
27 8 35
28 6 79
29 6 58
30 66 17
31 62 40
32 50 23
33 42 69
34 43 69
35 12 16
36 42 67
37 77 59
38 5 20
39 93 34
40 57 63
41 35 12
42 97 13
43 3 45
44 98 38
45 60 63
46 7 28
47 87 23
48 4 18
49 23 45
50 60 33
51 12 28
52 33 80
53 21 77
54 95 4
55 52 9
56 93 48
57 88 50
58 11 76
59 4 36
60 93 50
61 71 58
62 71 16
63 55 43
64 83 56
65 6 19
