67
1 43 72
2 11 19
3 26 57
4 100 81
5 37 34
6 88 60
7 68 89
8 96 16
9 73 3
10 21 42
11 24 21
12 43 64
13 28 53
14 25 65
15 99 61
16 65 95
17 71 72
18 1 96
19 72 30
20 1 54
21 66 8
22 98 69
23 97 3
24 80 9
25 88 7
26 26 71
27 43 95
28 98 49
29 56 21
30 37 5
31 10 16
32 68 17
33 98 30
34 54 92
35 30 96
36 74 40
37 94 99
38 63 25
39 55 92
40 37 14
41 33 37
42 31 81
43 74 46
44 25 20
45 3 49
46 46 35
47 18 24
48 16 68
49 68 82
50 77 71
51 90 67
52 34 1
53 30 24
54 15 51
55 34 24
56 47 20
57 19 51
58 62 37
59 71 35
60 87 17
61 84 10
62 71 100
63 7 15
64 87 75
65 95 52
66 64 20
67 68 98
