95
1 75 32
2 10 46
3 95 83
4 5 8
5 17 69
6 86 7
7 85 30
8 21 54
9 92 53
10 37 8
11 22 100
12 67 23
13 84 61
14 66 46
15 56 31
16 17 47
17 66 54
18 11 9
19 68 54
20 31 24
21 37 1
22 52 39
23 40 1
24 65 100
25 33 47
26 96 92
27 58 1
28 32 32
29 71 62
30 39 9
31 99 54
32 74 85
33 37 78
34 28 2
35 91 47
36 3 56
37 24 71
38 11 56
39 53 25
40 95 55
41 72 63
42 56 71
43 65 48
44 42 5
45 34 18
46 35 18
47 99 40
48 38 18
49 41 18
50 7 34
51 91 71
52 93 71
53 92 94
54 20 57
55 11 19
56 93 56
57 38 57
58 8 4
59 18 65
60 49 34
61 18 17
62 67 95
63 55 57
64 72 95
65 2 12
66 87 49
67 64 80
68 11 20
69 27 58
70 68 88
71 30 81
72 54 12
73 16 5
74 35 43
75 10 74
76 24 74
77 80 35
78 60 43
79 84 58
80 37 74
81 96 35
82 39 97
83 79 20
84 92 20
85 94 89
86 93 51
87 50 67
88 4 10
89 56 29
90 40 14
91 2 30
92 44 60
93 76 29
94 92 67
95 52 22
