74
1 63 87
2 55 26
3 21 59
4 6 34
5 93 79
6 95 100
7 83 62
8 34 36
9 33 80
10 100 58
11 36 80
12 65 28
13 85 44
14 23 86
15 92 22
16 37 84
17 60 34
18 19 48
19 55 15
20 51 49
21 51 11
22 21 6
23 66 34
24 21 45
25 40 52
26 41 67
27 12 54
28 46 37
29 20 52
30 41 88
31 89 51
32 55 84
33 95 7
34 76 99
35 36 6
36 23 75
37 62 84
38 44 27
39 49 71
40 42 29
41 95 76
42 73 63
43 44 94
44 72 86
45 99 92
46 43 75
47 96 22
48 70 67
49 71 26
50 96 61
51 29 41
52 1 33
53 9 49
54 82 25
55 35 20
56 99 63
57 27 66
58 61 77
59 44 83
60 23 70
61 33 89
62 15 11
63 67 58
64 27 93
65 2 84
66 45 14
67 31 72
68 29 9
69 67 31
70 70 39
71 94 10
72 86 77
73 14 80
74 41 36
